6.696987025534639759e-02
-6.014366543765162221e-02
-5.509399132862159709e-02
-1.389629436948717003e-02
-2.825554461027855041e-02
2.278737025800022312e-02
2.147078010647916757e-02
1.764993836210578676e-02
3.632261585262424458e-02
7.001385725524339465e-02
-5.004539853765110902e-02
4.826611293377511269e-03
4.609529312831535386e-02
1.705357759912798019e-02
-3.713472526855103595e-02
-5.045760089998869991e-02
7.090915148051812888e-02
7.810242831564129240e-02
2.426415911124051028e-02
2.284873208507313957e-02
-7.602821979545124065e-02
4.303482158099649485e-02
-7.985157245521181399e-04
-9.762351963554884160e-03
-8.983219670752588815e-02
6.098189948635771712e-02
-1.284054998244740266e-02
7.468053839891413033e-03
7.358212572520140063e-03
-6.674638541930635015e-03
-4.757539260813902458e-03
4.013771866573830754e-02
9.230973321187826985e-02
2.763530712096809450e-02
6.996090052337462784e-02
-2.138980731574470495e-02
6.071173671800226407e-02
4.450399016673592910e-03
5.862446371926194333e-02
4.210600172801230723e-02
-1.026564895336708472e-01
-1.907615007084131550e-02
-6.228384346810427602e-02
-1.315710536300956912e-02
1.749253265271435639e-02
1.650683656598705418e-01
-1.697804063145997786e-02
4.922226882889177424e-02
3.897566683857738024e-02
-1.900510989097748890e-02
2.371249585466000953e-02
-2.757633351376920922e-02
1.673584353136815459e-02
2.302490409987731357e-02
4.162016476391189324e-02
-2.309868978804346246e-03
-9.677101564584443885e-03
-5.417410628054519783e-02
-2.547036927058829101e-02
7.156535234058968020e-02
5.508277394715180297e-02
-1.069426922927073365e-02
2.343474076339491230e-02
6.815142528446908876e-02
-2.550052905503299994e-02
-7.781696395724365008e-03
1.714875011012585368e-02
-1.619252032409100941e-02
-5.213205099697534872e-02
7.228003959298824610e-03
5.247173320077613660e-03
-1.111082026404068904e-02
2.212051945124417565e-02
-6.271213469307141200e-03
2.679283410902676132e-02
7.754026355655609104e-02
3.381692883569639707e-02
3.203988410051979846e-02
9.326737786568464750e-03
-6.312233440434682208e-02
-2.459723401951832006e-02
5.419789179582662486e-02
4.337532307604682891e-02
1.080185031925903587e-02
7.319778218774934675e-02
5.697368652282511214e-02
-3.553782403264026113e-02
1.551500312963386254e-03
2.225525608567193586e-02
6.323224250023731785e-02
3.480921088891781451e-02
1.976251080946393734e-02
4.349376276332959229e-02
-4.285400984614213399e-02
1.222374195574419883e-02
-1.690188979439138581e-02
-1.531602369275799139e-02
-3.253252666466389942e-02
5.063030300131793338e-02
-6.243329071955449477e-02
-2.265581641886732500e-02
6.932748102430433268e-02
4.200171634600988191e-02
4.443551826418753320e-02
6.659378093734050555e-03
-2.474751374859145495e-02
1.454653041421590659e-02
6.855538694647009268e-02
-2.223316120679647290e-01
-1.730534409559311010e-02
-2.107248011250099917e-02
-1.595553888993372568e-02
7.160552671045383732e-02
2.541425840701044825e-02
-2.443926415804519719e-02
-1.421307029142801319e-02
-2.083691844001891655e-02
-2.576673619773980559e-02
6.079998959335220290e-03
-4.954933415566675770e-02
1.456376315398027858e-02
-1.547452917970643452e-03
3.433363283358990825e-03
1.558187280215645246e-02
-4.723233330835190091e-02
-7.159071133092242967e-02
-1.153529304982543746e-01
9.672524157471351983e-03
3.214163090619729084e-03
8.086627927466462362e-02
-7.000534329682653323e-02
4.965346048536855433e-02
2.493080026396497437e-02
-1.084587688063595456e-01
1.636377616728972723e-02
-2.645153855793008421e-02
1.514806363928867909e-02
3.553126008787387685e-02
-2.814108589861595913e-02
1.766221157948935985e-02
-6.085928828207699814e-02
5.112245771275373413e-02
3.266788216070307116e-03
7.471140341279293440e-02
-4.892027811504509605e-02
4.801353987607765578e-02
-1.332528754722281210e-02
2.341102800410559473e-02
-3.210305628637143832e-02
-3.948151964193567787e-02
-1.354888117332928715e-02
4.399041021559416120e-02
-1.221035409751713811e-02
5.439686093193121623e-03
-1.501143164391469109e-02
-2.638629961760079190e-02
2.070053292238866610e-02
-1.482128043072805483e-02
7.272517523655111504e-02
2.064346962812804026e-02
-4.485908058850895247e-02
5.337493828903838722e-02
6.731365705304192225e-03
-5.001144984552228362e-02
-7.687335774243030107e-02
-1.716107673535228750e-01
-1.054084737660345161e-01
8.390973903639820097e-02
2.150404229099738170e-03
-1.159218747420061660e-02
2.063224914027081414e-02
7.132027733769753797e-02
-2.741586721049302927e-02
5.912812626440291930e-02
6.420741273006128329e-04
1.683934953395791259e-02
-7.071846137145705591e-02
5.097712642978109027e-03
-8.921534253871815645e-02
1.479872165610353688e-02
3.363101521685486067e-02
-2.133075643551521003e-02
5.336709854912646996e-03
1.369487162373029046e-02
-7.767073225163283190e-02
-4.423433362955092596e-02
2.190596421090141438e-02
4.079038529062639640e-02
-3.262882964737414022e-03
-6.603340096666553138e-02
3.317537725488680506e-02
1.319024180385999223e-01
-3.093994470111977729e-02
-5.068373143528542152e-02
9.292070900378571197e-02
3.266552519837640639e-02
-2.129721031258354977e-02
-8.870070674314188552e-03
7.201042461997853028e-02
-9.494792072581435816e-03
-5.602635741056932045e-02
-2.742700653023339569e-02
8.494365378542962849e-03
3.435778286469347385e-03
1.555529171805211707e-03
1.544453795031011482e-02
1.893674762488104651e-02
1.904696379315939242e-02
4.572926211047633090e-03
-7.285547915356230253e-02
4.725001624077501683e-02
-3.722262235832848182e-02
-3.775542090773265774e-02
4.624179730881221306e-02
-1.473992919695594518e-02
4.903351541172805417e-02
3.382581929912188701e-02
-2.480294181095910044e-02
4.237555045910324641e-02
3.586581057138361200e-02
3.918547636533190048e-02
2.158803805189714667e-02
5.051430301523357480e-02
1.051604061701639642e-01
7.880243865263432401e-03
8.650168858989558916e-04
3.539995554765936608e-02
3.030904522246277363e-02
-3.023767369547933001e-02
-9.299191262531982319e-03
-4.824433164046462719e-02
1.801381212259308903e-02
7.662839893626641197e-02
3.257147457778771654e-03
5.325020036726771377e-02
1.273007680067726466e-01
-3.365495065497872695e-02
1.076782995288661816e-02
4.984297157203379514e-02
-2.092398986858306012e-02
1.956736940006726863e-02
1.400694238174565731e-02
-9.439187727911796735e-03
8.085340915075342472e-02
1.912672539357341758e-02
-9.957453122878463792e-02
2.470925862336719597e-02
-5.576962362543420176e-03
4.120950347612837780e-03
1.199074525125400602e-02
3.719698998571566162e-02
1.116670151119329886e-02
-3.521716840195401182e-02
1.420378793348244240e-01
1.585909384101458902e-02
-3.904544380631540419e-03
5.058603174656233631e-02
-6.985106447675901165e-02
1.352282637240439546e-02
5.526980955098101389e-02
-4.276003394157150417e-02
9.973963275681223262e-03
-3.983815147405043999e-02
-8.732300146180428657e-02
-7.293857193211007728e-02
-4.847475376829685212e-02
2.173982580886219679e-02
3.561997221609183167e-02
1.277781855081169538e-01
1.082288537854461490e-02
2.474975316816207388e-02
4.274276651558647777e-02
2.669239044816198655e-02
9.386725596321163212e-02
9.420491648723944289e-02
-3.028708782250284087e-02
-1.460603388409841691e-02
1.882308172262905921e-02
-4.313060331097411798e-02
3.156298329638616146e-02
9.860757259413746936e-03
4.475093038592747180e-02
1.071626484566143289e-01
-2.504807602433074820e-02
-4.351042243090789963e-03
1.496120882804389055e-02
6.368608037508553983e-03
-2.817474177636157887e-02
4.438986397045690396e-02
-1.106414855455963298e-01
2.140236934646123912e-02
-1.251758004220500202e-02
-2.977617934134469541e-03
-4.952865394405445675e-03
-6.767577230850761738e-02
-5.349746897210135022e-02
4.800157767436163264e-02
1.753265174530637543e-02
-4.860896614456231522e-03
3.144358617100317943e-02
-6.754814735367145606e-02
5.557995544262289353e-03
1.381449988469829471e-02
4.054071733597163635e-02
-8.747536429839245994e-03
3.090464616679167859e-02
2.689035283181732180e-03
2.041651577974050447e-02
3.969043746348564078e-02
6.867669026239148211e-02
5.647696481977534932e-03
3.543792119157689047e-02
1.271789248010913621e-02
-3.703238878272456513e-02
5.808385001131149972e-02
-2.129446584359470998e-02
2.527207546070353583e-02
-2.039637030628871708e-02
-4.486553244721330769e-02
7.886698648927469024e-02
4.837190207349271326e-03
1.270565278858879210e-01
5.780661418501190779e-02
-1.947421223871487195e-02
-9.781613805089336977e-02
-1.860484073664218224e-02
-2.242863713883843507e-02
7.203827141624333241e-02
1.148571507500562722e-01
-5.374693870438674963e-03
-8.533186066700905112e-03
1.196797073976583504e-02
-6.448649285359982219e-02
-1.419128853237949621e-02
7.183470105431821739e-02
2.510681442594932256e-02
-6.560224168188787119e-02
6.681356706871986739e-02
-4.674601619114553130e-02
-8.979384016162222579e-03
1.398489762153504005e-02
1.637668975712232994e-02
-7.841486959386891054e-02
-7.906051263056145320e-03
-2.157126275277452404e-02
2.628608485659522653e-02
2.680579193156366891e-02
4.816569676641904718e-02
1.929752652457894860e-03
-1.125164390640192788e-02
1.974884098036421096e-03
-3.075715341412913612e-02
-2.201046626089040240e-02
-8.889387930061759535e-02
-5.493685928358952447e-02
-5.558965767942981862e-02
-7.293510562376083473e-02
-2.799707893742244338e-02
-4.478022448092542490e-02
2.508969593681940891e-02
-1.639760458320500824e-02
6.947006768693086108e-03
1.657109204808848713e-02
4.515047854563224161e-02
-5.750177601742022943e-02
-9.570028815113164333e-02
-2.270576249826453119e-02
5.887084153451093566e-02
1.772425010564008738e-02
5.756838926481370328e-02
-5.368573227268346598e-02
-1.460031856402824180e-02
-7.014327634434097680e-02
7.528522312526672589e-02
1.825414435338148719e-02
-4.098771907051215052e-02
-3.499340254861952465e-02
1.902120214020054656e-02
2.356488351069744788e-02
2.502865786653795874e-02
1.017743846751370355e-02
4.858310481038088935e-02
2.716198191076046875e-02
6.786946956256360852e-02
-5.048313181097261598e-02
8.104055402021775878e-02
-2.638620217310470861e-02
4.186108036822053236e-02
9.495056477273405848e-02
2.777636568722392091e-03
-3.707340187113582902e-02
-5.059577559118974555e-02
-9.332692366044904528e-03
4.109978365378846865e-02
1.313171060727206900e-02
-2.586935648704512258e-03
5.483836426844077711e-02
2.315982269872756544e-02
-1.138178858656302278e-01
-4.502882032683575009e-02
2.251464574948803393e-02
6.337776013042716039e-02
7.014512899019555159e-02
2.050963212785205086e-03
2.306749948990931970e-02
4.413322399152536102e-02
-9.093144166367023162e-02
-3.589311203139466250e-02
-6.037795504548412913e-03
7.383852353483398578e-02
-3.779079516050570190e-03
3.844433536865535239e-02
2.405224673356817083e-02
3.473371598683976103e-02
-7.952302440105406267e-02
-3.846058683812239587e-02
-7.415327011253204648e-02
-1.290627898237849680e-01
-4.783989710029570158e-02
-7.410185848183828417e-02
-3.237266653998511351e-02
-2.460482363115923388e-02
3.333531208345374280e-02
-2.173185543202792430e-03
-2.495212162087242017e-02
5.496300282444595287e-02
3.762645870910776708e-02
-8.016110499689010904e-02
2.790599203624496982e-02
6.538145251436389138e-02
-8.135958253744529634e-02
-4.942427070749396550e-02
-1.898916138494455980e-02
-6.986956008280367780e-02
-1.807511658324144690e-02
-9.527045607167533570e-02
-6.475346434362443115e-02
-1.282207816118573554e-02
-2.333650316566691918e-02
-6.479446830668839086e-02
-2.764783230836559413e-02
2.540497674852855523e-03
-2.644376856757886876e-02
-3.527908390902023683e-02
6.056800745047857815e-02
1.971555984612392148e-02
1.193641250008911463e-02
-6.187409054856938401e-02
1.350908030633736490e-02
-1.989354961334124927e-02
-5.786201417685779558e-02
1.543946906898343852e-01
4.007265009701701380e-02
9.228838068460497313e-02
-3.445447864324480830e-03
4.597099434378710409e-02
1.130858801463286850e-01
3.249307926261187779e-02
-3.757501606029110125e-02
-5.101437548690590518e-02
-1.768819424773101709e-02
1.916497236171047641e-02
1.680229245180506481e-01
5.035869884867621993e-02
-5.967909034773662136e-02
1.338241501168956418e-02
1.547198996543564312e-02
6.043448695441162866e-02
-6.433326300240369000e-02
3.584039420899549910e-02
1.181218604896357681e-02
-2.882640732389089855e-02
3.769805977210577419e-02
6.081253145312429109e-02
1.485359330722651507e-02
-6.295350474447579392e-02
-5.652581425978145391e-02
3.044317810154995030e-02
2.142879034568430721e-02
4.395213657048056138e-02
5.148799921646265987e-02
-7.513162980267149883e-04
2.836258828196907070e-02
9.971866556049430175e-02
-1.452099200881639199e-02
1.143954233722630082e-01
-3.341537868746907031e-02
-4.507133172910993135e-02
5.599280622300978338e-02
-1.954331451255263488e-02
-3.559549427759724910e-02
-8.361290706422939631e-03
-9.385855085334461612e-02
7.417573525777657051e-02
7.783346623136699893e-02
-2.728472781437577682e-02
-1.996444462064730918e-02
-9.288090958927375240e-02
-2.956646184720461423e-03
5.952552936654820215e-02
-3.766581603241213327e-02
6.823713595010903743e-02
7.455466723985830491e-02
-4.353572627655168115e-02
-6.014350088942450878e-02
9.736565877954669879e-03
7.194320736568919628e-02
-3.997440554266821350e-02
-6.099920935761408460e-03
6.578061961345969821e-02
2.232778590942337271e-02
-1.401926804518698055e-01
-8.164746873387107584e-02
2.465194014174054357e-02
5.944843954829195920e-02
4.776135433160764998e-02
-4.030367727975722736e-02
-6.135619073027925169e-02
7.908074097555320425e-02
5.359038884144538134e-02
4.225242126615774869e-03
5.158946410051512554e-02
1.716223223445670007e-02
2.275799648883870471e-02
1.458054689803417285e-02
-6.030390599270668561e-02
-5.702328514955840033e-02
6.625581162571366270e-03
-5.765433072051078661e-02
7.218411426517547247e-02
6.514164318661821995e-02
2.387315332264583478e-02
-1.112744582443590674e-01
-2.126486488032718752e-02
-1.948934942100647230e-02
1.687538228947842861e-02
4.183394065985387988e-02
-7.591590669492725985e-02
-1.971197073779328360e-02
1.709075060802016377e-02
-4.949855816811266768e-02
8.668967984083283951e-02
-3.178160888084493457e-02
-7.286482756824452789e-02
5.535181652043733025e-02
-1.902109952521319550e-02
6.087987968235537839e-02
6.591405872783510228e-03
1.613784617757714826e-02
-1.596526815076043312e-02
5.603282452073991143e-02
-4.891178501491109942e-02
1.273509524625446865e-01
-1.363572752114629435e-03
6.712218689245148806e-02
6.828162135080083350e-02
9.651847626434418084e-03
2.316379595274689618e-02
-8.089408924966258463e-02
2.682365974519269891e-02
-2.589995644200551728e-02
4.144786966700863412e-02
-1.141421032262210922e-01
-3.604044537085216576e-02
2.535132667458854863e-02
9.325792205724921322e-04
1.540756437657540747e-03
-2.986777055051022603e-02
-1.756600094827297925e-02
-1.389947672095235426e-02
1.618541686745490760e-01
5.279691468276113617e-04
-5.378519481699994137e-02
4.925229733537522109e-02
-2.001468408163429007e-03
-1.270872202840660561e-02
1.223665465354402751e-02
-5.554719541081792715e-03
6.897819288791703918e-02
-1.149903414297084002e-02
5.003112420746530509e-02
2.636115450880267830e-02
4.452577341099171748e-02
1.043647612315185963e-01
3.266344878387571204e-02
-1.881587417101000803e-02
3.390938522160599766e-02
1.828422050253072223e-02
4.653369828114065077e-02
1.208491481923897742e-02
-1.827471233038757692e-02
9.287686888413726471e-02
6.639088533476146525e-03
7.069160330529748737e-02
-3.687434022504865877e-02
-3.106347892589933143e-02
-5.517623747380291654e-02
-8.929598362411234058e-02
-1.618381303340151595e-02
1.398752083185432829e-02
-8.563311067411460975e-02
1.874900365856859222e-02
-1.819136019628789236e-02
-1.165897313860661186e-02
2.450233808598664687e-02
-8.093538690219169093e-03
-7.253537673222815174e-02
2.031591453393677763e-02
-5.201560061967584747e-03
3.983014318467537063e-02
-1.654454539594575960e-02
1.027005567725634561e-01
-4.093336080405354793e-02
4.756894194566860246e-03
1.580593736254381695e-02
1.618533727884357773e-02
-1.485366749050561798e-02
4.165361333908406370e-03
7.583647826170142325e-02
2.664382747603392249e-02
1.514242094181986534e-02
-7.103277741917969623e-02
-2.164870575886645998e-02
6.823942855266292018e-02
-9.911867210298205052e-04
5.602232791284860597e-02
-1.217400167908216368e-01
3.183086763932806845e-02
-1.782232285310329095e-02
3.069992320692795096e-02
4.527136932672084710e-03
-2.438198580368404304e-03
-3.517882012668526598e-02
1.745566576747962714e-02
-8.424204805190153855e-02
1.178641826941090841e-02
5.858680837512602463e-02
-4.240711915991163261e-02
-1.097512994041247372e-02
1.593446232088846504e-02
1.370536913486492848e-02
1.864556746553263158e-02
1.357700275884966834e-02
-2.229217009117164319e-02
-1.887137889632721499e-02
3.304874747461041679e-02
-5.217510046022613701e-02
-5.841537869347403211e-02
1.115974976122726531e-02
-5.135323373073228358e-03
2.666898181077627730e-02
-2.107374304108560956e-02
-4.348387759060483304e-02
-2.757817120109617645e-02
-3.648421316258898626e-03
-1.794304472565934339e-02
-3.951347032954120181e-02
1.452227400542454618e-02
7.918942416665024353e-02
-5.381663352564983877e-02
1.883277540128547832e-03
-7.559018460155431107e-02
3.467406866214727359e-04
-1.782147267441868202e-02
3.018552559788496847e-02
4.823999661422434006e-03
7.681218285075275265e-02
1.497570799062000746e-02
6.107204573194509323e-02
3.941822528440037249e-02
-4.399830632269676259e-03
3.058514357677035236e-02
-1.510493387234751461e-02
-9.122560904653127800e-02
-1.362344317895606942e-02
-5.821791398206764209e-03
-2.631885828527112670e-02
1.027870895869411813e-02
-8.175650952179285003e-02
-8.606155567709605769e-03
2.471088375216011490e-02
-3.239039749655272388e-02
-3.910040467426373345e-02
6.267022063772657858e-02
-4.734652011986012488e-02
1.035346660795165852e-01
3.266574178764644620e-02
2.887289042861229671e-02
-9.669851447457727955e-02
3.803260673827107974e-02
8.972387824169088255e-02
-5.416427984876023838e-02
3.539242452281821105e-02
-7.704771435837727556e-02
-7.713636006659803368e-02
-3.346184331194349687e-02
5.114788832695071202e-02
7.096799783090382285e-02
-4.566772232745782562e-02
2.420036366336680844e-02
-4.876750803096025627e-02
1.093249591842185113e-02
7.679220381060062467e-03
-6.644375444471785352e-02
1.582889520046825912e-02
-4.021733341998112721e-02
-3.868931567119425485e-02
-1.126168007674640962e-03
-1.065349457897859092e-01
-3.986696532952589011e-05
-7.314983499902111622e-03
1.879224144832244980e-02
-2.741379253307019148e-02
-1.452192600249415516e-02
-1.101683566040519320e-02
-6.803695263795910692e-03
4.654235432168037090e-02
2.859705864106375228e-02
-4.153901825775534185e-02
8.390014505800680311e-02
-5.948506787049110539e-02
-5.681762114057188617e-02
2.721713138374458330e-02
3.058416103383234871e-02
4.873331830236849599e-02
-1.908689042079403028e-02
9.450264348163613104e-02
-3.717729381293240210e-02
1.249887833991895625e-01
1.286004450932710756e-02
-8.553875504205572106e-03
7.575974687146830311e-02
2.129055486184737098e-02
3.967324590873012174e-02
3.115621960211995695e-02
-2.420488736113484557e-02
-4.600798851755143887e-02
-2.416479703613821570e-02
5.681129559015626884e-02
-3.519790082670763015e-02
4.055329083876399454e-02
3.099932037227408690e-02
-6.086718427369761791e-02
3.716548404845012449e-02
-6.153986237425287942e-02
4.081889451956474679e-02
6.449370549030292166e-02
-4.720060261844693378e-02
3.564488484885821457e-02
1.917081936749971682e-02
-1.224039988397416547e-02
-2.104485822918726601e-02
5.388226987562620002e-02
-4.588541505280716026e-02
-6.904621230087408523e-02
-2.746368652137016163e-03
2.162162659138988641e-02
4.450311549628153951e-02
-5.178149740816101985e-03
3.312562801292050912e-02
-5.759438473728162311e-02
1.418206681791633200e-02
6.410969237455527159e-02
-1.369898358204993394e-02
2.005288630711169959e-02
-1.603634375622651001e-02
8.630759222292033739e-02
2.700028248740991843e-02
8.543558441971695061e-03
3.420638035923749543e-02
2.919163039527554460e-02
-5.737536938603326336e-02
4.808626498763393653e-02
-2.636221158327594141e-02
-1.530877977915064136e-02
-1.401222292456304891e-02
-6.347576524874086468e-02
-8.211047752397027111e-02
1.529357939801906721e-02
-6.435196433196427312e-04
-1.314687773501930224e-01
-1.789185287723109308e-02
-2.001543334096701765e-02
4.537419389742822912e-02
4.672993377601171450e-02
4.839530421767173490e-02
1.509427652880341447e-02
1.809181867029393143e-03
4.868819449155578107e-03
-8.038247215326453643e-02
-7.021033334675019777e-02
-3.559273908100011458e-02
2.780509444171022290e-02
-1.824595743132560732e-03
-7.586422865059164189e-02
1.200376623103176499e-01
-8.408653993096181986e-03
-4.568762648301426255e-02
-7.177617175037569186e-02
3.762236260618054273e-02
1.093713098947324130e-01
2.525268399903492569e-02
-2.040947551158948936e-02
-1.434933097467817886e-02
-3.907195676439446930e-02
-4.591313053801446969e-02
1.189572917569944599e-01
-5.912190965179123930e-02
1.788335843026482011e-03
-5.027452588017868040e-02
1.410018179598928473e-02
-1.335605487279383288e-02
-8.212350003264458354e-03
7.058681486027254537e-02
-1.230201945222927570e-02
-3.955182481564203933e-02
4.854662906758481361e-02
6.061322922304832744e-02
1.868177890067170693e-02
4.773367570173717156e-02
-2.594945426507949335e-02
4.172576182959405328e-02
9.326174106921977791e-03
4.633846589866233434e-02
-3.968225888772732718e-02
-9.658635620608290936e-03
-6.090881607506137829e-02
-5.774699907978965430e-02
-1.553997440336885895e-02
1.914230062489075124e-02
-1.073099994184491257e-01
3.245149908485264051e-02
1.083380353563588860e-01
2.598802279825607187e-02
-5.422113800155969887e-02
-2.775831023870869649e-02
2.970758869816714914e-02
4.177556627454544896e-02
1.190206779015755192e-03
-7.283212076319354328e-03
-8.767479254081005091e-02
5.106860638469094132e-02
-1.022166317004850333e-01
-4.397414635375207492e-02
-4.384768056985148543e-02
-1.131137094404406282e-02
1.125835199025239652e-01
6.446734415263168094e-02
-5.749048634997779017e-02
-9.616662218482059654e-02
2.397978516451830175e-02
-5.238434621768300187e-02
-8.018511840378042196e-03
-6.934997480110507984e-02
-2.233026842071993145e-02
-8.350482615226161032e-03
-6.293552528597490259e-02
-3.335738528435198275e-02
-9.693572759146050835e-03
6.928553304067285035e-02
1.632550842339424227e-02
1.553969833993871889e-02
1.004665599680005239e-01
4.155702238125867642e-02
-1.816719791539788895e-02
4.601268067456584787e-02
8.491027393737853035e-02
5.392715226866509615e-02
-5.999200918135295935e-02
5.218544236292863708e-02
4.564653826271552334e-02
-5.183809151107370700e-03
4.541361244413776033e-02
-5.487752201634606836e-03
-5.502405229873724712e-02
-5.019543065072355065e-02
-2.812870599851071893e-02
-3.509229611283375128e-02
5.400595784108788711e-02
1.125144542486622087e-02
3.260202203363536666e-02
-1.207058002968513892e-02
-6.547992597381364910e-02
-1.038491100425217167e-02
6.310803266579881679e-03
-2.899821860165090193e-02
5.960647109579056240e-03
-5.866191343127215296e-02
4.552090709716678091e-02
-5.546584092477914452e-02
6.863295403938091122e-02
2.962983476629854271e-02
-2.679829591066486272e-02
3.939797341115658380e-02
-2.588987509076361507e-02
-6.797694257968531911e-03
4.362163472298771077e-02
6.133549119003167682e-02
-1.363311900872855864e-02
-6.368734825731717231e-02
1.576624666453262796e-02
-1.841952214939399438e-02
-1.751094344207519346e-02
-1.347930358525997047e-02
-1.917118220791310529e-02
-3.742064518042153426e-02
-9.482658609188908405e-02
2.359031736641116830e-02
4.186037761302164456e-02
-9.053358364692018490e-02
-1.255014356378302554e-01
5.114213143210969564e-02
-1.285642131611598737e-02
2.280682911093464410e-02
5.073728958448252627e-03
-9.969806511109431668e-02
7.635179054890973982e-02
1.366801627353390891e-01
2.620816225742543526e-02
3.531509696470118507e-03
7.682417352637932462e-02
2.281912330087179294e-02
-1.238116671282143283e-02
4.741289065671044217e-02
2.092037045039330315e-02
2.326278057233346214e-02
-2.092795549237757777e-02
-8.962289959857872024e-02
-4.081452200478092630e-03
6.155196139700714469e-03
-1.050686612513354601e-01
1.537873757738209696e-02
4.851710282643761224e-02
-5.709815725667072295e-02
-1.195520905749141403e-02
9.037934075905569228e-03
6.762823375001664195e-02
-1.069485515486276878e-01
-9.100254528859921810e-02
7.110576445661601075e-02
-4.262962764975199159e-02
-8.987740072213782835e-03
-4.215554061118328283e-02
-4.950707959046862089e-02
8.759396306889433159e-02
-3.014459023002501528e-02
6.436412469432283012e-02
-1.095801302666760818e-02
4.981622629242660194e-02
-5.426528290028825863e-02
2.907072580406741200e-02
-1.207765656454533321e-02
-1.474552427091451248e-02
-6.934491382679087296e-03
4.548432543690133362e-02
-1.148978011389021475e-02
-2.561186175235813378e-02
3.128631112709177181e-02
-2.961443618890317875e-02
-3.684576607408716897e-02
-3.056970907128647805e-03
-2.485735205918856647e-02
2.160511569562782383e-02
4.889383244763750164e-02
6.041470408137253334e-03
1.247447189824174574e-02
3.369825778246214772e-03
-8.837057976767349887e-03
4.935715101848512504e-02
1.405751608860491414e-02
9.514067140242302156e-02
-1.213725601344482763e-02
-4.558715675948377122e-02
-6.639141377208072903e-02
1.162921286735375381e-03
-8.317041355654286594e-02
2.848616382609213404e-02
-3.944052512386792692e-02
1.028518143519193198e-02
1.714581661418799335e-02
-3.779506613996969078e-02
4.595354016399244568e-02
7.670918397003746725e-02
5.315796277272749615e-02
-3.544740554454618719e-02
9.270453307111641006e-02
3.412145005621854826e-02
-4.388241061211968497e-02
-4.901308270118498456e-02
1.197018551436934281e-01
8.263839480292117790e-02
1.009080489190896102e-01
3.348422911027402592e-03
1.368237657244234518e-01
-5.064983415225023100e-02
1.358308705179779412e-02
-5.449863939262880250e-03
-2.862962632638654283e-03
-5.294656308215302254e-02
-1.632642211989228723e-02
1.650229447376608607e-02
-2.399897170717014782e-05
4.090579488404016972e-02
2.141068540050156468e-02
-1.251973660835408453e-01
6.024056628045806189e-03
4.039464284420826029e-02
3.010604891390573912e-02
-4.325950001158226921e-02
-7.666017540411702164e-03
-1.202452794791399743e-02
-3.038167313253422371e-03
2.664330618535251660e-02
3.822004720337327660e-02
-4.280416798007428969e-02
-8.411702482977950757e-02
3.265347312752998887e-02
4.651275400215638955e-02
2.025913053844764430e-02
1.020012406124371114e-02
-4.113827951148376488e-02
-6.384371537606757518e-02
-1.132184371767713284e-02
-5.080263548559289799e-02
-3.286473907839199127e-02
1.469954508089481651e-02
3.100262625918329823e-02
3.898168260477090363e-02
2.274920086705237501e-02
-6.517178704101535269e-02
-2.822248582551717400e-02
-3.485661943244932476e-02
5.189198711640557321e-02
7.800772108004232208e-02
-7.301030579502239271e-02
-9.698379296884589162e-02
2.632928846803977638e-02
8.301693843758820024e-02
-1.819045280662091521e-02
-1.552259568397731937e-03
-1.818112041271570042e-02
6.209008172367770639e-02
-8.343360630772320152e-02
3.066050816030296833e-02
2.173455474979964133e-03
5.827410954773429470e-03
-2.893024218074678050e-02
-6.323393637277378854e-02
-5.874369467542139497e-03
-2.425932511414702689e-02
5.115335154624433417e-02
7.417772519925852799e-03
-1.471031182841911998e-03
4.379164015934850634e-02
6.740389869285418230e-03
4.203220758036168257e-03
4.465579885362471607e-02
-6.921819244066845789e-03
-1.257647221204223446e-02
2.745135749337750120e-02
8.277847979261666878e-02
-6.636367885621202722e-02
-6.626352908943551785e-03
-1.037742518434279226e-01
3.013938922187471559e-02
2.430635245334056282e-02
1.022484984656011342e-01
-3.447377602729764096e-02
1.894955209217528969e-02
1.947415554692726036e-02
6.060906321261455565e-02
5.682810248466455688e-03
-5.189399435411090611e-02
7.533843413199141359e-02
-2.383874316816320463e-02
6.458175750687618344e-02
6.480867360206585270e-02
5.572162402033359330e-02
8.868097695185168244e-03
-1.437710541342494298e-02
7.284260528159317016e-02
4.250955602938474853e-02
-1.915414704916912347e-02
-3.106519890164772396e-02
1.104514646883136275e-01
5.396016650206728743e-02
5.634138970212652225e-02
7.322323252006312025e-03
-5.221192778782383220e-02
1.556437664791879630e-02
4.763645019390230773e-02
-6.845032278695083530e-03
7.898992457210991802e-03
4.734235341648151962e-02
5.809522033206298425e-02
5.585636537323220366e-03
-6.273991132982492669e-02
2.096779817747132762e-04
-9.435406466967233285e-02
9.054623781469038624e-02
6.233809957194780260e-02
-5.853093589102460748e-02
-4.099275953974079734e-02
-5.194254712300644394e-02
-1.897580659052035268e-02
1.235928381520711578e-02
4.891877134539875105e-03
-1.843834664656518116e-02
7.140519928180001641e-02
-6.334131545748705738e-02
-3.657373998269813908e-02
-1.180977107952576807e-02
-3.202277385882227548e-03
7.925031305319346631e-02
2.842049160671559355e-02
-5.056425565269663525e-02
-5.803799968637444323e-02
8.193343093631438867e-02
5.081915757372339974e-05
3.299803935134589666e-02
-2.520440030129048742e-02
8.803958337950541779e-02
-1.493575751871772939e-02
-3.498395958491169744e-03
-1.195347881458432363e-02
2.404348511493575955e-03
-2.807704268458217738e-03
-7.006132345526731864e-02
-2.037345863238655339e-02
5.228186411294352687e-02
-1.105793298729269847e-01
5.018163653189517195e-03
-5.859097601684826184e-02
9.971793496129104095e-02
-3.702238890589860248e-02
-9.236167438134390562e-02
-1.831857592447838287e-02
8.390893908999909334e-02
-1.822173302660079486e-02
1.158021257202417574e-02
-3.174946796342774380e-02
-5.295877943588206405e-02
-1.832963703134613681e-02
-6.685456159540024978e-02
6.527297419559639768e-02
2.749855488154595139e-03
-5.782940451491642986e-02
-9.391314776675893303e-03
-8.576631987933530654e-02
-1.404152689468247256e-02
1.801186695998996043e-02
-3.606268833897943726e-02
2.601954574051851959e-02
3.096543449735738099e-02
2.985812223549489698e-03
6.709950780653844982e-02
8.805091262300963895e-02
-2.146845319655090595e-02
3.552517707927019958e-02
-1.149609648156290666e-02
-5.977294553627550411e-02
7.716798778919820023e-02
1.189570883589765107e-02
3.836068456812152805e-02
-1.054907119264899551e-01
3.207790719182448957e-02
-7.152251695858322100e-02
-2.516341378951501839e-02
-9.043141465432792334e-03
-4.849309381457442975e-02
4.643104180873660475e-02
6.122853411503307447e-02
-4.266205322459169086e-02
1.940099191070339749e-02
-6.487867552320288056e-02
-3.678317346237552909e-02
9.848861082953724172e-03
6.416548504487094851e-02
-1.053370206691280585e-02
-7.651285090108330376e-03
-9.946182852571943192e-03
3.280499680769076443e-02
8.377472717097269109e-03
2.075076657349223322e-02
-1.470003952395648218e-02
-2.046890959215537029e-02
-4.108076104924598959e-02
-2.384655262132778786e-02
4.520302750772582645e-02
6.069130119459924949e-02
4.326097445181394802e-02
-5.646053049391073358e-02
5.350809157248079956e-02
-7.125632467811721452e-03
-4.362336471087096407e-02
-8.065310076625054059e-02
3.759616652847700725e-03
2.140948625741344313e-02
6.656219594704844943e-03
-1.070536673237619391e-01
-4.531650731730650639e-02
-1.821913762228988612e-02
-7.205970329502445204e-02
-4.491564908517525767e-02
2.094187595938036897e-02
-3.123135301833813993e-02
5.068569977240207358e-02
-2.298574625617880261e-03
-6.076557407934697619e-02
-4.405424961604202660e-02
4.537118139406825373e-02
-1.277995128721089724e-01
1.078813043471697902e-01
-2.295146574696942110e-02
-4.965152778106446396e-02
9.334799356190237596e-02
-2.086761552913981091e-02
4.867560826114407380e-02
-2.597080261086264288e-02
9.155626137684474974e-02
-1.071534261815302452e-02
-1.633503883019548839e-02
-3.569630127928578173e-02
-1.019050641026046505e-01
-2.531525210510018539e-02
3.359640665937416865e-02
6.127602349978958363e-02
-5.126309036367320687e-02
1.456727136454601980e-02
-2.958851955108883838e-02
3.744095248425906297e-02
8.362305102723940897e-02
4.197973819997029982e-02
8.589741188290000995e-02
-8.229344550759572219e-02
-8.617523133999054064e-02
8.390936391064049427e-02
3.139926042561796971e-02
-6.150289887015119444e-02
1.031842509791732788e-02
8.716837453945991410e-02
1.173265053832374394e-02
3.803569813776488950e-02
-1.692805955581289795e-02
-1.051487600114368176e-02
2.979427578636901401e-04
7.130384294113739641e-02
7.107918796057779770e-04
-2.203307698391332795e-02
1.352485928316660840e-02
-5.373710011443508933e-02
-6.713252483208813348e-02
-8.584401775725633219e-03
-6.222413110127453240e-02
-4.487225490561774777e-02
-1.365217823754921213e-03
6.742593755109997644e-02
-1.394832307483044424e-02
5.125852360564556176e-02
5.904408549240911311e-03
-1.889402620967434512e-02
-1.070630089965292180e-02
2.039202434246074544e-02
1.586850203332746886e-02
1.848192892622643746e-02
-1.775927636437579782e-01
-1.248585987026298340e-03
5.107709394701526184e-02
3.058286866025771225e-02
-4.367804158951437560e-02
9.579018287665902465e-02
5.379078086258524266e-02
5.203775278618436029e-02
-6.314024929905888948e-03
-8.075904213695110287e-03
-5.512668576502557927e-02
3.584825716320281380e-02
9.557210311444709616e-02
-3.587590561871752126e-02
-1.419305272263821430e-02
9.076522196508807552e-03
2.549902441084538843e-03
8.005009139765269233e-03
6.603010904541976867e-02
-1.003737388333307834e-01
5.702559870430765065e-02
5.387333426004370374e-02
-1.505084595115333684e-02
-7.934258484625372624e-04
1.474562080758685771e-02
-4.577745713546455680e-02
2.556476963686213962e-03
-4.591847104042850319e-02
2.029750178061597021e-02
-4.923895374695654720e-02
-1.531820008267008142e-02
1.384279153145172650e-02
3.399576131560753250e-02
6.871899475510540554e-03
-8.884085978880552903e-02
5.229469111310818680e-02
-7.501975367356925051e-02
1.429790673923836755e-02
2.228388877330143847e-02
1.355773546780089100e-01
1.581704499813600846e-03
1.187910226796960907e-03
6.929709971429695581e-02
-1.050285079180855036e-02
2.628239143225023083e-02
-4.628755695267712349e-03
-7.283236268915921352e-02
8.037043777403074518e-02
-2.061060786754138202e-02
-4.000489017613385878e-02
-2.414502187304317163e-02
3.562439712913788303e-02
1.064957905805521410e-01
-1.298449064896599293e-03
-1.337384767837368829e-02
-2.630494273728194513e-02
-7.721046575750487723e-03
4.309791330066831128e-02
7.163780175120502101e-03
5.977375698830200701e-02
-2.035762552642824200e-02
-5.667211708634307954e-02
-9.139717665336603847e-03
-5.863642237520533262e-03
7.145331955922511712e-03
-3.128128479552683833e-02
-5.766321267200607420e-02
-3.517487777355504663e-02
2.840338889141868009e-02
1.444353690807228391e-02
8.781918112114680056e-03
2.901980689101128774e-02
-2.564659965476935935e-02
7.489861518926860251e-04
4.558240282394918075e-02
-5.375462035784595895e-03
1.161814267557949726e-01
-5.910603540596118949e-02
6.680358703439015500e-02
2.890873497108469026e-02
1.438597096017647792e-02
2.294385304185130731e-02
-6.583527916591640737e-03
2.523282039654794486e-04
2.655906148237763276e-02
-3.693422528407904609e-02
8.251849285726206573e-02
4.431409699320813106e-02
6.344706359116746019e-02
7.475276579818823652e-02
3.522622945324962399e-03
4.554566855054513475e-02
4.732422665983525290e-03
-5.248935826825142092e-02
3.933597691135309882e-02
1.095697336242752555e-02
4.075123692339024245e-02
3.152902952364974171e-03
5.021989358245107331e-03
7.481002202724694461e-02
1.909483234104378604e-02
-1.608460817093014528e-02
8.116223794039463535e-02
2.316369758941460785e-02
1.739871578225352794e-02
1.427380859577778195e-02
4.526893830045630902e-03
3.942470085849773690e-04
5.709102500870309044e-02
-1.032049161904806216e-02
7.320308387788006764e-03
-8.101208251836522489e-03
-5.592842210278451548e-02
2.755164519472276877e-03
4.779727239024383727e-03
9.574910017706248638e-03
-1.222514997692105039e-02
5.386952858036436753e-02
3.885923720204199211e-02
-1.001347618141825574e-01
-6.939683650669703496e-02
9.084072489595207411e-02
-6.720711188234912425e-02
-9.546501934719831689e-03
-1.268789751336393129e-02
-2.166786702728504613e-02
-2.521859028963828811e-02
-5.967114408529411440e-02
4.441781834441238530e-02
6.898371887056924112e-02
-4.029181125905841737e-02
3.151437015014225268e-02
-7.281475253448439766e-02
-1.206544687578050418e-02
-5.619504783670035281e-02
-4.217140925408403157e-02
-3.055594383511800460e-02
-1.607107544292395857e-02
8.953323099364594861e-02
-1.476931601346847048e-02
-5.498043975519065207e-02
-1.400062713006085041e-03
7.597953289515180231e-02
2.192884960202158562e-02
-3.578050063475086452e-03
-6.107835105587838126e-02
-5.775516120851562768e-02
-2.563015393384644042e-02
2.539914793220288125e-02
-7.993935010648954564e-02
3.203538561667300388e-02
6.132039651055031654e-02
-2.760643462242443752e-02
2.691577245232573343e-02
4.782636328447083252e-02
-5.751249923308857787e-02
2.298523728531608884e-02
1.630244361494288807e-02
-1.277726561054440824e-01
2.695775212487500766e-03
4.980743333999559236e-02
-1.194722992087601798e-01
-1.520832345398114710e-02
-1.341865626807251313e-02
-4.452849181222071767e-02
-4.723627157395077214e-03
2.802866995270321404e-02
3.715492610277720126e-02
-3.085106786825811062e-02
7.309387469670761139e-02
-2.448350506892106940e-02
-8.387500151231544465e-02
4.638334310544803274e-02
-1.675146151412400947e-02
-1.439217636706366203e-02
1.249880269705759550e-02
-4.168399639815032615e-02
5.347853734089896838e-02
-4.379879707115111320e-02
4.402457033757745802e-02
-2.206896016954846065e-02
-7.238557347507483530e-02
1.603559227812025034e-02
-3.330058224962166580e-02
-1.989887503571365730e-04
1.298024114274794021e-02
-6.994266036777772866e-02
1.086335257713481536e-03
-1.582911654843049964e-02
7.052298953559786587e-02
-4.294830164573073400e-02
1.911522243473707736e-02
2.558663004366315552e-02
2.899519994106666484e-02
-3.982603641088697938e-02
-5.397068488189276508e-02
-2.730347665293774914e-02
-7.199615239439036141e-02
4.686704952204207020e-02
-3.124532740391758323e-02
-3.663304607337149188e-02
8.676423369868097035e-02
-3.519511344437949857e-02
-4.309605440341161137e-02
1.387728231601123921e-02
9.148940612747313850e-02
-6.752319765690695252e-02
8.394850005645803845e-03
8.294115175370996018e-02
-7.363353675511136176e-02
1.206499829867135540e-02
-4.419698740578063834e-03
4.276837475664378718e-02
-5.801052831019512523e-02
-3.356886659600768000e-03
1.082453240976333046e-02
-9.965904886096710324e-02
2.662823833098578764e-04
-1.220690956870446736e-02
8.710988725367760366e-02
1.308142853854225678e-02
3.063598980701311494e-02
-3.420096668888910479e-02
-1.963047753107911506e-02
2.479194499758001838e-02
-2.078756102778594322e-02
-9.010216091347905687e-02
2.674325274775917263e-02
-2.229851304797103237e-02
-5.066050376356106416e-02
8.091993856358253856e-02
9.456154131282037967e-02
7.182397122071119966e-02
2.475595737174776309e-02
1.515173312672182804e-02
3.019292448592440781e-02
3.237785406434325747e-02
-1.017753205242498057e-02
2.391015327189022210e-02
4.210700250471235279e-02
8.360479849161582544e-02
-4.282819625116693341e-02
-2.497822955853472304e-02
-3.940943747168471761e-03
1.309549914196709020e-01
8.638284978024067962e-04
4.015150769612787357e-02
9.604839736052801780e-02
3.021344829980544128e-02
-8.114852393731308844e-02
-7.699047728977809202e-02
6.079525808460690961e-02
-2.456879140745766091e-03
3.350788036100665196e-02
-1.039302409111277498e-01
1.198434231576903097e-02
-8.317235194556273081e-03
2.436875649718988485e-02
8.317744833165037488e-02
-3.594056765710443302e-02
-1.197956481283429658e-01
8.663603766175508036e-02
-2.674807274514072464e-02
-3.644833484050360659e-03
-1.474301447186068814e-02
-7.387110749004163757e-02
2.417221306111792117e-02
1.840704203118236071e-02
4.911817985381070062e-02
2.820316429999917412e-02
-2.527311069549097785e-03
1.518081572788916589e-02
4.880392482174134017e-02
-1.026482116577461141e-02
3.019487101815066746e-03
-1.138678364013114312e-03
2.280413011883036800e-02
-3.739682560673972950e-02
2.193226482788686663e-02
7.883870460720023010e-02
6.313417491962908246e-02
2.826078731160767965e-02
7.637948249348987251e-02
7.304469214727072127e-04
-4.152834477333700036e-02
-2.464889328630006510e-03
-2.126396417208910317e-02
6.181324505016894122e-02
4.374333304580805236e-03
2.113220084378620786e-02
3.619041092657929864e-03
-4.628078337058429657e-03
-2.760770733085023132e-02
-2.682355429806419084e-02
-2.535277915282931060e-02
5.609827341342302903e-03
-5.649108513061475156e-02
-3.685813409710672617e-02
4.466335117215977646e-02
-3.318790693317705959e-02
2.278993315095387620e-02
-3.198501852813819685e-02
-1.521671462947574854e-02
-5.992509800460543018e-02
-2.534596903257899103e-02
2.909359009825601694e-02
4.856545847276239058e-02
-2.988873894770978715e-02
7.312428430383408539e-04
-1.245869839483804836e-01
-1.047187305657373557e-01
6.236978170517810949e-02
-9.856457260773478224e-02
-6.886635382503812630e-02
9.037285190169958710e-03
6.377435587799661076e-02
-3.242522119092655641e-02
1.273309643723782580e-01
-6.706095102532370900e-02
9.807670940794446790e-03
8.682252351583208405e-02
6.921055683776849987e-03
-1.082150590307000282e-02
7.170105053104190718e-02
-5.837438497212710242e-02
1.140250789246363833e-01
3.635928144500322201e-02
-8.202936619526890460e-02
-8.806878744543637783e-02
6.239055861968841044e-02
-3.533223578844488927e-02
2.281110654183758982e-02
5.053112687279031484e-02
3.144605322936971231e-02
-1.272561976975430248e-02
4.037784880328104675e-02
4.966735431843480320e-02
-3.545509155679657520e-02
1.239652386869375400e-01
-5.292236889285252717e-03
7.313063609302027090e-02
-5.756260203723802260e-02
1.140999784337997786e-01
9.904542009150750156e-03
-1.019598639305629439e-01
2.311721765329287012e-02
-2.264076985265464984e-02
-1.517385834809339973e-02
3.126525394737499075e-02
-4.980344263412394418e-02
9.243817510220275410e-03
9.961513817084023670e-03
6.984961992367576256e-02
-1.093990373482841560e-01
-1.762944906036738035e-01
-1.750063789468901676e-02
8.040698401912080642e-03
2.955512247636146381e-02
3.489722594250453669e-02
-2.047048926707472141e-02
5.314014192325250928e-03
7.684051276915372652e-02
-6.095630490546274927e-02
-7.040000657632019404e-03
-1.862907977146804200e-02
-5.210876261976641471e-02
-5.309581903600185844e-03
-9.111614642542308073e-02
3.461293453065455300e-02
2.331006936976946168e-03
1.012274657735146022e-01
9.202096255297459448e-02
-2.658149154627158228e-02
9.019385808860341802e-02
-4.945929137791205132e-02
-3.936017301345591524e-02
-4.800895542097839697e-02
7.785979059654524193e-02
-2.583402596117127391e-04
8.005923312172953665e-02
-7.326461902594548839e-03
6.080328427063158570e-02
2.181836940213413567e-02
1.606575463711402019e-03
3.645285927996060743e-02
-2.849984645092815821e-02
-9.224068933923572355e-03
-4.467678444195512071e-03
2.261483920464405287e-02
7.334769762632634138e-02
-1.261119383861772358e-02
2.330506302625014181e-02
7.216490222831027646e-02
-1.371724787897704301e-01
1.933775897227879917e-02
-1.006615034069312103e-01
8.433105979413756115e-02
3.753622937055114961e-02
5.086280560095633035e-02
-1.243929709889626811e-02
3.792842963642968634e-02
2.877966427505097846e-02
6.176229097051754574e-02
4.489125207688374891e-02
6.483357957537530525e-02
-3.285907671229422455e-02
7.335903872641597046e-02
3.926603830254569993e-02
1.878240215216461784e-02
3.097356839176195267e-02
1.636418726876719826e-02
-1.838157693502740983e-02
-1.338352501938460315e-03
-1.204340690387900419e-02
-3.734260787118934277e-02
3.120169758303012464e-02
1.092623914989140632e-01
5.607199071981638222e-02
1.000063243294527365e-01
-7.866443148744328706e-02
-9.191136997611726658e-04
-4.043514597481510237e-02
4.748811169287178724e-02
-5.372219857392590558e-02
4.952224450729519195e-02
7.368582387734444461e-02
5.665712541570482735e-03
1.863902036011454849e-02
-2.509420675154101776e-02
3.416514798853563517e-02
1.600737936807977019e-02
1.214157335080177577e-02
-4.018590127656062466e-02
1.141313773299858919e-02
-3.287129130665233240e-02
9.393361592934479365e-02
-3.639751324131635518e-02
2.618311320725733721e-02
1.860622201357983382e-02
3.840081016299740080e-02
3.645039396806090681e-02
-8.224246870231749496e-02
-6.777515628839612949e-02
-4.760125353238392476e-02
3.629140771424273909e-02
-1.247716211076761381e-02
-1.671862238381383384e-02
-5.179298237121036062e-03
-7.802044994281227830e-02
-2.666777948037617110e-03
6.133176397133176944e-02
-9.890093287816520418e-02
-6.417536702752857369e-02
5.488619548714471219e-02
-4.049228075608026986e-03
-6.272265020434689489e-03
6.120114676456622771e-02
4.081339296195155009e-02
5.864419247294515997e-02
-2.428570090329325304e-02
1.032623493197208087e-01
-5.310092165528529362e-02
2.493969930926806522e-02
9.376395711030877447e-03
-8.026205699410133773e-03
1.488493464824414483e-02
-8.626934027989741072e-02
-6.410981847402212608e-02
-2.727393274903934517e-02
-3.355594137485556905e-02
2.436017728538135418e-02
6.506204266573521744e-02
-2.874705087742991227e-03
5.426173774420050416e-02
1.082067181302629431e-02
-4.319106890783499381e-02
1.459408366133493190e-04
-1.998713175474035181e-02
4.354181104830603943e-02
5.247466524781736752e-02
6.061092579649447754e-02
5.404395612305532698e-02
4.445449384251540063e-03
1.829866894351869430e-02
3.133373383191743328e-02
-3.605775244969176146e-02
-4.738079388421074893e-03
1.297091547205583562e-01
-3.236254754454554600e-02
-4.463312212794375532e-03
-5.844013962322476552e-02
-3.877818236778265287e-02
-9.442811228743757182e-03
2.306743678142031406e-02
-5.667521368969764481e-03
-5.289684920212894131e-02
-1.830680511355339130e-02
-4.672104336748752335e-02
7.052773479529468592e-02
1.831027381103927584e-02
-9.000568359163864038e-03
-4.143571658779045958e-02
-2.294297143100772207e-02
-2.674329825025797969e-02
9.638187886503283425e-03
-8.440470453726081276e-03
-5.492829514238750654e-02
8.604333532251927374e-02
-4.974587479064235956e-02
3.582005940530468588e-04
1.090548644389665103e-02
-2.646623763107086233e-02
-6.238557596508426117e-02
-2.111374511067614854e-02
-4.051433960623965214e-02
7.861548557946793081e-02
3.936156561762790829e-02
-8.616585158370723696e-02
2.903523427375863386e-02
5.318029264976376069e-03
-2.669478970592372921e-02
-1.082667133555987454e-01
2.287696680155853340e-02
-2.787846866068002458e-02
-4.086312800575302162e-02
-1.703104379629385642e-02
3.017083039820606279e-03
-7.560016689055960859e-02
5.884925833660020061e-02
-1.215670488266744863e-02
-4.430367024604689452e-02
1.001372462803915356e-02
3.124496111204781105e-03
-1.139394442211852099e-01
-8.621437310346052874e-02
-1.830089699746418469e-02
-7.894150574309066748e-02
-4.639972856961505771e-02
-9.132890539747477721e-02
-4.487747313101320135e-02
1.419167111957793381e-02
9.604675175270210863e-02
-7.880577555757521321e-03
-2.658844039053230579e-02
-8.129946454181026516e-02
7.665403773483780384e-04
-4.555476217435602826e-02
-8.269146470516432895e-03
-2.153357799641088255e-02
-3.027858891048006151e-02
-4.013063389070965076e-02
6.545102119972305565e-02
-6.078282186344412946e-02
-2.596584389333247370e-03
-3.356826849988532591e-02
-3.676697419831524705e-02
7.065608032356864021e-02
5.585221900679962492e-02
-5.940736224852868896e-02
1.174987892605372682e-02
-1.119384590356552883e-02
1.230511118123969565e-02
5.603188030618488046e-03
1.168442955846789658e-02
-2.621639709218352016e-02
-1.071852211581397762e-01
-1.215812123581429260e-02
-6.232497445237803607e-02
2.337510257481836135e-02
-3.763804133881708258e-02
2.812099647153687432e-02
6.682936610751298578e-02
3.644727166880275954e-02
8.979251823399234111e-02
1.464030232766059397e-02
3.608281724499406290e-02
4.697399998001097060e-02
-3.046452265483463179e-02
2.561595536200184792e-02
8.353636933702759948e-02
8.768445445655725923e-02
6.062938683640041460e-02
4.471927991255830737e-02
-4.440379814002609615e-02
-6.812575466760575904e-02
-1.060628650379453336e-02
-3.048191548524045724e-02
-8.464919115356883336e-03
8.178893406574931288e-03
-7.081618533443494699e-03
1.761442798843557492e-02
-5.126637197927000344e-02
4.904841016359712258e-03
-9.833504323765621807e-03
3.762692963306271676e-02
4.376356866349124033e-03
-2.328175333547987877e-02
-2.423300073501360660e-02
5.240164997228630162e-02
-1.075855157521746763e-01
2.065740589624721554e-02
1.175495462529590161e-02
4.333146374493421216e-02
-4.312952724330904389e-03
-6.807873597585752112e-02
1.761788469845089120e-02
3.426658664492612111e-02
-1.568013977260827516e-02
9.400957004550377152e-03
2.049927123809625745e-02
2.840443919097096481e-02
2.844583811715396815e-02
8.102446281897017488e-02
-7.975594124065980492e-03
-5.333968973408945158e-03
-5.770056463788206247e-02
3.055335052044933636e-02
-3.573522330463919927e-02
-8.629307251443073257e-02
3.991405272137574928e-02
-3.633499979196889301e-02
8.376787377453003003e-03
-4.173007336822434632e-02
6.240795655057423952e-02
-4.556661156931910567e-02
-7.580522195205356695e-02
-7.802402989910812992e-03
-1.696154362501425816e-02
-7.967651767883112204e-03
-9.139990330471669741e-03
-2.721037072162639514e-02
6.988102891767677960e-02
5.211470424101319332e-02
-1.215478300415599386e-02
1.473237500403055122e-01
-5.355417998286049475e-02
-6.456937438061211010e-02
2.316746525351670583e-02
5.160105505771548501e-02
-9.718229817275788815e-03
2.027712902620482788e-02
4.087819655392574414e-02
-3.248798168366117539e-02
6.225795650711039159e-02
1.502366669504112684e-02
5.837756556462060653e-02
-3.166716704405213301e-02
-4.982588319152031486e-02
5.481676381907444467e-02
6.955866434639233764e-02
-1.067631222988115608e-02
1.451093035943023222e-04
2.657106368455562292e-03
1.516976114457455060e-02
2.586525848913751729e-02
-5.135002597684507411e-04
-4.734310213206083251e-03
1.469226874550574359e-02
6.567575506433158405e-02
2.431867049046496088e-02
-4.494634562081038787e-02
-3.597279713160811410e-02
-7.951268850329391152e-03
2.421580410388734020e-02
-5.513630950332468889e-02
4.245666286048753631e-03
2.844143885112392078e-02
1.339884794232365506e-02
2.405918850424818359e-02
-3.567254457013418339e-02
1.004476663656819063e-02
-4.167764860932964693e-02
-3.600755948791203170e-02
2.621395900024821313e-02
5.508487379715386366e-04
2.213594799828258464e-02
2.368446327126440265e-02
-2.691024728420496337e-02
8.263467051365991356e-02
-1.471244633035147069e-02
-2.451983083588846549e-02
6.369637108997432129e-02
5.902779688320422546e-02
-9.878515726051646795e-03
2.418531604989689054e-02
-1.187230087606429701e-01
1.448547195160670466e-02
3.042491067700509033e-02
-8.102149674401913637e-02
6.571335655137654219e-02
3.172214892018216520e-02
-2.095011049092452421e-02
-2.444333515228842152e-02
3.036174699079840014e-02
4.754461443830196310e-02
-3.200057493611701415e-02
7.490380057003463710e-02
-1.093612796115139285e-01
-4.626724850651621479e-02
-8.480223647828286082e-02
7.770152308992450685e-02
5.538155400163115305e-02
2.051387419246367139e-02
1.785860290989147933e-02
1.222412069658382556e-03
5.716354529821848773e-02
8.189112052608221726e-02
5.194553917458013398e-03
5.953676113777840728e-02
-3.504201915335563439e-02
-2.032080237181655910e-02
5.699909299988743794e-02
4.241220857323657611e-02
-4.139309403262658726e-02
6.082959472775568976e-02
-9.210963745567526950e-03
2.691802316108138013e-02
6.823187775556023788e-04
-8.116992065191822037e-02
-1.895560517754325131e-02
-4.255534693375683658e-02
-6.433123171628517267e-02
-9.029579204360815847e-02
5.501297973491967030e-02
-3.465770840160175420e-02
-1.045377801439272697e-02
3.395581968240210069e-04
-5.115921336023374760e-02
-7.350071072629126012e-02
7.714701175144995926e-02
2.652928947348809352e-02
3.649872791353687973e-02
2.267593573121168618e-02
8.406495275468059761e-03
8.012074957806354647e-02
