8.820261729838320408e-02
2.000786041836116746e-02
4.893689920528696002e-02
1.120446599600729010e-01
9.337789950749837697e-02
-4.886389399382055215e-02
4.750442087627947119e-02
-7.567860414884894707e-03
-5.160942589677892413e-03
2.052992509691861645e-02
7.202178558043899337e-03
7.271367534814875133e-02
3.805188625734967633e-02
6.083750824641420869e-03
2.219316163727128380e-02
1.668371636871334232e-02
7.470395365788030928e-02
-1.025791318829004373e-02
1.565338508254507030e-02
-4.270478696508624161e-02
-1.276494907917039290e-01
3.268092977201803029e-02
4.322180994297528805e-02
-3.710825102032209999e-02
1.134877311993803817e-01
-7.271828372993824341e-02
2.287925865072303402e-03
-9.359192501291680594e-03
7.663896071792287989e-02
7.346793849501424833e-02
7.747371284845815630e-03
1.890812598010867956e-02
-4.438928738150563907e-02
-9.903982341119635380e-02
-1.739560746630763183e-02
7.817448455199002902e-03
6.151453403638604267e-02
6.011899243922056574e-02
-1.936634087039761434e-02
-1.511513752876677934e-02
-5.242764825335463619e-02
-7.100089685894876712e-02
-8.531350953125063641e-02
9.753876976158948331e-02
-2.548260908758267704e-02
-2.190371508055932032e-02
-6.263976800249630716e-02
3.887451779159550869e-02
-8.069489237789757852e-02
-1.063701401069843538e-02
-4.477332805968378682e-02
1.934512489296310103e-02
-2.554025687844365192e-02
-5.903160920612060547e-02
-1.409111416932743539e-03
2.141659352652088358e-02
3.325861119158394358e-03
1.512359488698906962e-02
-3.171610468404818112e-02
-1.813705829935690836e-02
-3.362302238879755212e-02
-1.797765807702706581e-02
-4.065731410222270248e-02
-8.631413011658384260e-02
8.871307112687642354e-03
-2.008904681041309703e-02
-8.150991734830223545e-02
2.313911277628871027e-02
-4.536491821916210920e-02
2.597269789806947848e-03
3.645452810887684497e-02
6.449145537870533580e-03
5.697003422716503951e-02
-6.174129101768263683e-02
2.011708205887745293e-02
-3.424050454701565993e-02
-4.353985745909409039e-02
-2.894248323822077446e-02
-1.557762660636863306e-02
2.808267111487272247e-03
-5.825749203916782970e-02
4.504132434770935500e-02
2.328312198652299214e-02
-7.681218431386119261e-02
7.441260968977998769e-02
9.479445880152916060e-02
5.893897855798253815e-02
-8.996241790617545697e-03
-5.353763107552712841e-02
5.272258634655683368e-02
-2.015884734865898420e-02
6.112225351912137228e-02
1.041374890384301477e-02
4.883195182418564179e-02
1.781831985872009416e-02
3.532865840959741044e-02
5.250010360410239897e-04
8.929352469529176772e-02
6.345604635180995823e-03
2.009946817223508264e-02
9.415753485281272428e-02
-6.738795305712232120e-02
-6.352424992428667982e-02
4.846983540790056333e-02
-5.865617025570799697e-02
9.718105928246463521e-02
-2.068094903798736728e-02
-3.737274057203789079e-02
9.614710132401924070e-02
7.402573957172121910e-02
9.337794802132849681e-02
4.530223291376926642e-02
-4.306128425273512972e-02
9.550324765495168955e-02
-1.340016854756902014e-02
4.012281978981976222e-02
4.736259838868740052e-02
-7.750504654541709969e-03
3.070396851730401722e-02
4.611033357832634155e-02
1.882127655778147168e-02
-5.497003952920972991e-02
1.491190871030279898e-02
6.631929483435151929e-02
-3.472839298656827528e-02
-7.481727016383538272e-03
-2.175767758608187358e-02
9.246318642396710030e-02
3.361473785062177311e-02
2.037309181205552294e-02
-3.849580372226582559e-02
2.696245956459086476e-02
-3.371663303286880770e-02
1.591527913717559212e-03
-3.179230391894404678e-02
3.382166474732498790e-02
2.882954083074704826e-02
-1.041493777889974416e-02
1.980033563308226593e-02
-5.465307543652529049e-02
-7.456287963528028528e-02
2.196958506322684718e-02
8.333674768626451665e-03
3.175157184460532245e-02
1.191572387431971136e-01
4.722397434952069206e-02
-4.564111127220793485e-02
5.585081440479264941e-02
-6.579537052557606069e-02
-2.307923024073545160e-02
-3.412080266231562031e-03
8.566713608246834255e-02
-3.723774110242199925e-02
-4.132192693295072550e-02
-4.922626221271615005e-03
-3.317391431810536723e-02
5.633179610532534909e-02
-5.399657541817116935e-02
-5.737343262055512316e-02
-2.189100223722170377e-02
-2.490162253461524616e-02
9.647660269084928908e-02
4.747104034628804592e-02
4.377562069259544920e-03
-6.127177594150839957e-02
4.221814882007735720e-02
-5.001076736947823731e-02
-7.723855483888059092e-02
5.940148961761509278e-02
1.584713059624248341e-02
4.604294118904095345e-02
1.593638264715106084e-02
4.284153059513456235e-02
-3.255127966500734327e-02
-5.171214208922323557e-02
3.407972591408135049e-02
-4.017048320869205658e-02
-3.447748888751003132e-02
-2.277662517586715937e-02
8.739579512528364508e-04
-1.769969556267419683e-02
-6.874756467090094303e-02
-3.218092014164452425e-02
-1.111701576112213430e-01
3.126157255135937618e-02
-8.010288278033739218e-02
-5.521916697142253277e-02
2.608253963048720245e-03
-3.697814981956566716e-02
7.715072977033679558e-02
-6.464284548617242609e-02
1.335254346745914748e-02
-1.964140911374780401e-03
-5.840467488705987364e-02
2.616383302658768784e-02
-8.577316561112406298e-03
3.858952756068337320e-02
4.117520769818657639e-02
1.081617974640344954e-01
6.682639747181960688e-02
-1.845909189712217902e-02
-1.196895887879632046e-02
5.498297979435565891e-02
3.276318653612989018e-02
3.200657630487960259e-02
-8.084780221554171975e-02
-1.216306219946781822e-03
-3.690154546028443644e-02
1.399622995216191247e-02
-4.907519482147897072e-03
4.550894540462960269e-02
1.586091075956510416e-02
3.931639810544881181e-02
-2.332095483679715378e-02
-4.722231279591251885e-02
-2.050248466012742632e-02
-8.510206930720297467e-04
1.895758677775409226e-02
1.129654475345426151e-01
-2.112857583032134827e-03
-4.779725002463885292e-02
-1.729908878496932284e-02
-2.317979873230471138e-02
2.407407368867310951e-02
-7.703985072223124009e-02
3.163099710016585835e-03
7.825326898268779308e-03
1.160905181001378912e-02
-2.986580344826813768e-02
-1.189608648680035019e-02
-7.120304544912657574e-02
-2.466599416810970336e-02
-2.714307380083588739e-02
2.080250231307127773e-02
-5.780912159109563575e-02
3.905990508549966878e-02
7.472422722456843747e-02
-1.034992512506766327e-01
2.131293653890505013e-02
3.384540175151228014e-02
-3.187185127761145431e-02
-1.986359071643988353e-02
-6.644028879347781830e-03
-1.488954397008641732e-02
-1.545064845235611176e-02
-8.380019031649883765e-02
5.761657823915600218e-02
5.398092960184106004e-02
-4.066821296021014276e-02
-7.332121639012570413e-02
2.605324382263793023e-02
-2.878939849065330694e-02
7.097658166038984390e-03
-1.596642085725475876e-02
3.457693755350933068e-02
3.473745718280029510e-02
-3.627986892317921347e-02
-6.916819776975277612e-02
-7.914691986675409519e-02
3.051896895536026014e-02
-5.944296288920145055e-02
-2.534081771493437718e-02
-2.981570192252540677e-02
-2.628364813477314377e-03
-9.681399029232534703e-02
9.438929839691427917e-03
2.619455119171028301e-02
4.421104352233070321e-03
-1.554430858492358673e-02
4.870008313439170775e-03
1.995231728200651256e-02
-1.386296378213325020e-01
9.779561541253471713e-02
1.950466613439632430e-02
-3.262042911935100070e-02
-1.954766875938005605e-02
2.468708886745942313e-02
-5.805196951718326857e-03
-1.015342233890747237e-01
1.032246430679659710e-01
-5.527032861623631249e-03
5.100863558578998952e-02
-3.460249238921955794e-02
7.681885271228988676e-02
1.431718444461397947e-02
3.044219172377253882e-02
-5.226266830734774271e-02
6.055726448413504409e-02
3.449090822673941958e-02
6.509231147824992569e-02
-3.140437798207895009e-02
-2.405135592303938794e-02
1.151958348841971014e-01
-5.300079113607736314e-02
-6.797485033916041662e-03
5.684456813013476911e-02
4.886248385742780753e-03
2.914768398766467983e-02
-1.997245146314376163e-02
1.850279439237593679e-02
-6.532634258676582595e-02
8.290653398090941373e-02
-5.908202256428488237e-03
-3.400891019984252084e-02
3.331915410159571461e-02
-2.303598936942766531e-02
-6.671292357013768048e-02
-6.733587528987776405e-02
3.468865763450662554e-02
-7.978671907313345663e-03
-6.685077983421958657e-03
5.388719029881314238e-02
-5.634129043783717844e-02
-3.653388764324124599e-02
-1.924399045906377559e-02
4.717579465853700624e-03
-2.108572564528946990e-03
-1.434435961949538131e-02
-3.081320104782370520e-03
-5.365263814558735023e-03
-3.598021942758964503e-02
-4.064964942770386835e-02
1.372581788619697644e-02
-4.454575414977639952e-02
-5.786776295954268456e-02
-1.561461255628466584e-02
-7.883350808190794576e-03
1.128361748649104740e-01
-3.523501379281168688e-02
4.716303624847473924e-02
3.735941671023159522e-02
-5.944724776018681101e-02
3.866264887012998974e-02
-5.919403200966588674e-02
-1.329586118998370425e-01
3.031597621796904007e-02
-8.779452917188597383e-02
2.254672309029574426e-02
-3.420054488686082722e-02
8.297753980949361396e-02
5.342546996580045671e-02
-2.266929019256938571e-02
-3.439188055143412026e-02
-6.070387015470603276e-02
-2.204613161462956952e-02
-1.401777475922545528e-02
-1.823467721958426865e-02
7.835192763618199427e-03
2.892607488644392127e-02
1.748272284965870019e-02
-3.820719619532215311e-02
-7.188957369007892284e-02
6.822659240512356227e-02
-3.447245922749688635e-02
-3.261467999675096013e-02
-2.605946561505554510e-02
-9.215347750783242642e-02
-2.389870020202433665e-02
-2.398279070039738281e-02
3.101791491717562771e-02
3.492285745536680142e-02
1.885444543134670169e-04
4.659241870571518424e-02
1.699824919006310067e-02
-7.841055801277384925e-04
8.046408414911150261e-03
-9.532674679069968321e-03
-1.974247570167251761e-02
-1.338667684469832357e-02
-5.640056657350034364e-02
1.402208526581479910e-02
-4.965618054647903679e-02
4.208156320368182379e-02
-1.247292900804744357e-02
2.474749082504537102e-03
2.469183881404781941e-02
3.216572325314639297e-02
-7.853117043167263944e-02
-1.034518380819858703e-02
4.400894560403911804e-02
-8.490529097161272909e-02
1.936402376975317197e-02
-1.127782114701094685e-01
-5.112534218178017842e-02
1.931527592009404980e-03
-8.283575511609769793e-02
-4.927553688420753530e-02
-7.359175037317934598e-02
8.240674661037798721e-02
8.211387774366698047e-03
2.836451389263347153e-02
-1.113375502575772447e-02
-1.767158743785995564e-02
-8.082370943255162699e-02
-1.459186813739314116e-02
-3.807461059058116909e-02
4.289619621461682186e-02
5.705509333287867024e-02
7.332893577870888691e-02
4.262759697306160028e-02
-2.993269684614930509e-02
-5.579484929801972748e-02
3.833315908225430613e-02
1.781464087361444779e-02
-8.842692253385153744e-02
1.777408963718845464e-02
4.072599112439331814e-02
2.946279459081498076e-03
-9.252683550467077564e-03
-4.038242438081778712e-02
-7.232673497816939634e-02
4.001489746700137573e-02
-1.545572223858544120e-02
-1.167333307718463643e-02
8.663605934595666747e-02
3.422505534295951918e-02
1.854125006405510367e-02
7.103090259361783190e-03
7.599974303828864464e-02
8.597946537080973506e-02
4.647525557397640811e-02
2.911122956989621591e-02
-1.047301535603072375e-01
6.186095711675328873e-03
-6.505347709685200229e-03
4.697661469278436100e-03
4.715230436612589254e-02
-1.369838583594778225e-01
-2.846560267350925488e-02
1.349521774703806888e-02
-2.334227730263812792e-02
-7.084530565631297350e-02
4.344817434483977392e-02
1.384359529230640151e-02
-4.855522852222423497e-02
1.574086022579119018e-02
4.107928560248979427e-02
2.646323149680426920e-04
4.002824017154984343e-02
3.913008758083067612e-03
-1.976144913271771913e-02
-5.797102581999565019e-02
-4.296538348580636497e-03
9.714646902288584518e-03
4.379163807936654884e-02
-5.755373424361336261e-03
2.287078031104954057e-02
-4.823060068668642147e-02
-3.913145779137625763e-02
-5.519464951344387783e-03
-5.273142319925069876e-02
4.101239186623406585e-02
2.315651646593035531e-02
1.395478821962267170e-02
1.694520626079722841e-02
1.010521780742398845e-01
-2.344320939833978434e-02
-1.100720642750279005e-01
9.965009844823260327e-03
-2.530177048083294931e-03
-2.587595212552016438e-02
-4.894149296793849635e-02
-2.195947609010739932e-02
9.066921460891065251e-03
-2.514083503212691251e-02
1.206226839771874365e-01
-4.802521908165740400e-02
-3.965586813538358318e-02
-1.144310020007264228e-01
1.257422075107685056e-02
-1.008203313899880132e-01
-2.697273166872507164e-02
-1.378352672802784888e-02
-3.548639829234441490e-02
8.694363387272555088e-02
4.971971956577495022e-02
6.595684381507878336e-02
-4.412094092749593160e-02
5.642970322572842673e-02
2.480004731719811020e-02
3.857029743384227799e-02
5.147194143913835784e-02
-4.543816229795265976e-02
-2.121588104889507442e-02
4.312980056642255755e-02
-1.327809546487466463e-01
7.566640412866026955e-02
2.765660321037920200e-02
-2.285198033011742649e-03
1.102538278785866570e-02
-5.149676416544882868e-02
-1.749716822945523650e-02
5.501421691101868877e-02
6.490109861631106203e-02
1.348112026281789999e-01
-3.696233314020757037e-03
-3.292764834025018600e-02
-2.571169829699944398e-02
-5.090209376436824473e-02
-3.892737797042538153e-03
1.913662150061340786e-02
-1.712114026597693489e-03
5.481734228328993125e-02
-1.171079006722682697e-02
-1.737253262492816433e-02
-2.906342384301626239e-02
-8.163172631172477267e-02
-7.838838621542271179e-02
-5.895789653188439339e-02
6.507140358323804108e-02
4.476301364449650211e-02
6.874820331964949516e-02
-6.661058272972508743e-02
-9.843123448930102271e-02
-3.300281600670414844e-02
8.790947664801400038e-03
2.493451374549137539e-02
5.239860779840264243e-02
1.421398354036073133e-02
8.713343903278156222e-02
-1.113028404741602494e-02
-4.565396090208981988e-02
-8.406091077472167827e-02
-4.444856790477250130e-02
1.210589804925615159e-02
-4.443601286768154163e-02
4.683712317676286263e-02
7.061638530187215601e-02
-1.184793452613301518e-01
4.320261502488240146e-02
-1.119802029330868448e-01
2.007495275451437466e-02
6.124352820968298472e-02
3.242805317178808905e-03
-6.398445866021197637e-02
-2.927156021388863105e-02
-1.308227228554503623e-02
-9.112239189497146549e-03
-1.014484203833335325e-02
-5.494138965465690007e-03
1.067400244550844451e-02
-6.042868268666106574e-02
-1.210099149351097532e-02
7.591305851778527847e-02
-1.923227115712589086e-02
-2.219180465775989070e-02
5.390986518571189157e-02
-1.279592333172048235e-01
5.906893006441429894e-02
-3.159518790025836465e-02
8.196428622629332167e-03
4.816067796059841574e-03
4.712340596101968759e-02
-1.337973731176738540e-02
-3.390128907822251986e-02
6.489228953255493648e-02
-1.182086908570590122e-01
1.016709085262162537e-03
-6.739627113145602033e-02
-3.807866941282794793e-02
1.005628340731568593e-01
-2.229771322792851226e-03
9.753484857569058933e-03
-8.907814278527957652e-02
-3.645223293973478412e-02
9.827870036439246421e-03
1.773788465566090641e-02
3.084432771966394080e-02
4.313949458788161190e-04
2.635021042273298642e-02
2.268909563178420075e-02
-9.148702055022657487e-02
1.850286095507476525e-03
3.839512038663518700e-02
2.949399103672597708e-02
-1.819294049853949560e-02
-4.028132537696839377e-02
-5.591559621608160890e-02
-6.552700577070616830e-03
5.665399397798609460e-02
-9.759020507408011635e-02
-3.299458648647490139e-02
-5.699012277133870541e-02
3.924787606202501111e-02
-2.771548132856504684e-02
-2.353188290773957150e-02
-1.084747849683245086e-02
2.226966254473986689e-02
-1.961944990748183681e-02
-1.523071527399963432e-01
2.716559456937598510e-02
2.195214788360212721e-02
-1.097705141656066252e-02
-5.420183103359672849e-02
1.758900553406791620e-02
1.896177667677934053e-02
-2.350164413504374217e-02
-1.083657352877693235e-02
-4.650782512621606801e-02
-8.929454604366457784e-03
-7.752146725417405349e-02
2.086594105159177495e-02
-4.721842454121469301e-02
1.190515739161560754e-02
-7.029814581339496882e-02
-2.950288229347698687e-02
-5.524470253296391749e-03
-8.303499059346317046e-02
5.757393657004608242e-03
-1.895737814399613835e-02
-8.711780989046152834e-02
-6.516213770561578300e-02
3.025600420410833394e-02
4.477779927756619927e-02
-6.595431988998353388e-03
2.023809060202487464e-02
1.119217816564553603e-02
1.648114910638690325e-02
6.429920035401465173e-02
-7.534991991071360307e-02
3.382303661808116341e-02
-1.910044777889101375e-02
-1.121294671258201738e-02
-1.511248652275350157e-02
-1.875735583306419388e-02
-6.130980958915095702e-02
9.166959962880062707e-03
8.354715163944287371e-02
-2.806651022437855678e-03
-6.925213675478630816e-05
-3.436495185783317724e-02
-5.873727320905574277e-03
2.330832130170153865e-02
-1.851212203521714755e-02
-2.269020205260005585e-02
2.016322700816234118e-02
-4.590023849095227482e-02
1.262483135384362236e-02
4.101608986307109239e-02
6.799742708397421564e-02
-4.519100363847340998e-03
6.837986199033567469e-02
5.172049432407591074e-02
-4.981063201855331218e-02
-6.089692557965754871e-02
-1.524818189272102165e-02
5.144677462974271004e-02
-3.614350378000245369e-03
-3.003287788288942772e-02
7.761215900242804389e-02
1.434522440016731959e-02
-1.160297137895370811e-01
1.585803131463443816e-02
2.600203072854339117e-02
1.128043272355518968e-02
2.248560501159962977e-02
-3.363780446149086667e-03
-6.591979348223671320e-02
-1.853520016102267257e-02
-4.728078977781457332e-02
-4.663704553971889655e-02
-6.315341745511376947e-02
2.262445463198231935e-02
4.894807270631355151e-03
-2.240826813403540285e-02
-3.246689638651940879e-02
-1.171155251072608563e-03
5.395973640562445883e-02
-1.002107857749457570e-01
1.884382604254463897e-02
-2.728559870088911876e-02
-9.422929224897239053e-02
-9.728515415819793954e-02
-4.563917470676459587e-02
1.097547778965226456e-02
1.965314669900458319e-02
-4.694907863388926572e-02
5.085104957066223508e-02
7.114917482580530861e-02
1.980432924782801057e-02
-2.957013339040553968e-02
5.622095922551841041e-02
3.776978478316692089e-02
4.337037056774589727e-02
-3.282318374857657456e-02
-1.417277252637351159e-01
1.058395510741837742e-01
-8.054392017249668856e-02
-1.788403593011056534e-03
1.190372675609875225e-01
1.652883781371870114e-02
4.746232367791178297e-02
-7.511982846908564493e-02
-8.888334773668532529e-02
-2.663513959897772718e-02
5.453748672172500922e-02
-1.731247238236549926e-02
-3.973181605357493928e-02
9.898364497248374194e-03
5.409676092386326435e-02
-7.224700995366858947e-02
-6.052714970616758505e-02
-3.943346272546831288e-02
5.473191873560456777e-02
1.174107629743659578e-02
1.066076705285221859e-01
4.682228629155579802e-02
-1.754758843483519284e-03
6.325389190443829468e-02
1.057485063659390108e-02
-3.524606762537224602e-02
3.399874221225512166e-02
-3.481633269305414030e-02
-1.451985504019333989e-02
6.638913479789915195e-02
-5.064074310869967795e-03
-4.015706936708141744e-02
-2.321688457177458267e-02
5.108952927943365835e-02
-2.762703367083646153e-02
-1.934354234253232718e-02
-2.551463698168142738e-02
9.196274717015498132e-03
-1.927448801878041407e-02
-8.009180244862684761e-02
-4.435904709225201720e-02
-4.663945207532191328e-02
6.216596922275774428e-02
4.063370210545211997e-02
2.936296896999129880e-02
-2.526791586322049699e-02
-4.078957709969856932e-02
-2.537588008286785490e-02
-5.259400512758369978e-02
1.248600195793503620e-01
-1.122660824185701123e-01
2.820042675369045793e-02
-6.422761489962636183e-02
-5.217174574734632919e-03
-4.940009712468672320e-02
-5.888144812413154128e-02
-5.700981504674808298e-02
8.774930768710292872e-02
-6.649421115479599818e-03
-3.828510972390431616e-02
2.778934820414365181e-02
5.174657283149676273e-04
3.600168796708264063e-02
-9.121283279689150481e-02
1.518019522310007190e-02
3.863474185511908687e-02
-8.307991455572819040e-02
2.240976422116562616e-02
8.480907864140803387e-02
-7.428851677351358800e-04
4.107029685124056334e-02
3.352852251554549329e-02
-3.537528487552884376e-02
1.988336729324758408e-03
-7.834973554308012622e-02
-2.256515185512630861e-02
1.328439874831179729e-02
3.615502468688990695e-02
1.230606262395580932e-03
3.599918650715826923e-02
-5.514531064776848762e-02
-5.084863727743580038e-03
9.639692256538608985e-04
9.247956233398182957e-02
-1.070833281000421223e-02
-2.495083189970914717e-02
1.067561192177430510e-03
-4.595567224349719065e-02
9.637692453260808881e-03
-1.825276082731288468e-02
-8.956637740205919407e-02
-2.929327556693042591e-03
-1.587715469650996178e-02
-8.162116510339917363e-02
-3.356707730726088586e-03
7.446779810372401720e-02
2.606518741378568635e-02
3.059635963655789326e-02
-6.707483627915213076e-02
2.384491844611112341e-02
7.422479069003904209e-03
2.645226191672158181e-02
2.113143108544128512e-02
-6.798903627519069237e-02
-2.070040577898371505e-03
-3.789354302125830243e-02
-2.504204714241104954e-03
-4.487004634509152851e-02
6.562351835704981207e-02
-4.294861942221711582e-02
-4.494710782327680093e-02
3.729320327177676822e-03
-5.385495347019974427e-02
-2.123316512164328748e-02
-4.149822987689810033e-02
7.055860319448058193e-02
3.929019134155863069e-02
-2.873475923269732269e-03
-1.956085260870081555e-02
4.704588072875567212e-02
2.026020401614440566e-02
2.490262023414283737e-02
-1.309611867212524252e-03
-8.441150138857161922e-02
-5.623299127977636307e-03
-2.662449596045338845e-02
3.225276367299384495e-02
5.059212164970945669e-02
-3.289755223805843065e-02
2.341926171385258493e-02
8.679394988428566771e-02
-3.338563602852794715e-02
8.409608700365689415e-02
-4.262929235853235577e-02
1.147987780397572355e-03
-5.572805920920626118e-04
5.749449935031187252e-04
-4.188390209539726711e-02
-2.955915518822148716e-02
-3.338601431796996838e-02
1.634812977022287103e-02
1.650175572551558154e-02
1.112972165869129393e-01
6.854945031455607352e-02
-2.549216210692395457e-02
1.624348078980930241e-02
4.985589903958798086e-02
1.530091216925890361e-03
-3.482078922346779244e-03
2.578747138494452175e-03
4.336383144042139232e-02
-4.241602614026163121e-02
-1.628347344100870842e-02
2.352165724232409272e-02
1.557235357770777630e-02
1.197913799281956695e-02
-1.849005831519016235e-02
4.862678945712684692e-02
1.066934123602268775e-01
2.032077468381031371e-02
-9.658835077491996490e-03
3.778701444472713084e-02
-2.695663183764950011e-02
-3.748451723514483608e-02
1.640437380685590271e-03
-1.291398316484972386e-01
-5.769751818260047266e-02
-1.739809279604229153e-02
-6.766944290738567680e-02
-5.163215509460648139e-02
-2.183741687290037189e-02
-8.214826467653046915e-02
-2.030358981299159801e-02
-2.676350822664222417e-02
1.270260419250801012e-03
5.770920152470096487e-02
8.625220824643295772e-03
1.053101067103181165e-03
4.972722851535587435e-03
1.136963875605642368e-02
-5.083693243048845178e-02
-5.738766238539909359e-03
1.543756209183065609e-02
-6.853799912715302645e-02
4.328264614079266326e-02
5.406880172290948888e-02
-3.156879942246944293e-02
-1.206688957265522784e-02
-4.390951714050365939e-02
3.496902417939085767e-02
-5.306111437229546479e-02
-1.112385051214601593e-02
-4.294599539038358033e-02
2.547713850564474816e-03
-8.971146357448606112e-02
6.632308211828467914e-02
-4.823032121031320396e-02
2.994734155813802597e-03
-1.062615223851546067e-02
-3.810572559612490640e-02
-4.438900683179677203e-02
4.681992717762298306e-02
-2.628202965509698549e-02
1.355850923186554570e-02
-4.007484426971874569e-02
-3.235907159238803760e-02
2.361235750439243802e-02
4.652042480555582116e-02
-8.765820116350997102e-03
-7.109599358202184360e-02
9.989780398750024160e-02
-4.282746541171048027e-02
-7.707936998358938530e-02
1.297212293884076051e-01
-2.020161469254685982e-02
-7.308663441307040876e-02
-3.417198833943409231e-02
1.837724480111345080e-02
9.515577879696986152e-03
-4.258645986267950434e-02
9.113618000639797656e-02
-2.607898389966865904e-02
-5.923432952057760409e-02
4.803466992303298544e-02
6.645314232698411316e-02
-4.087465488081132303e-02
-7.006736465196553021e-02
5.152191337078024236e-02
-1.023661806528980978e-01
-6.133108296983078023e-02
4.837230750251175770e-02
-2.767627401119478713e-03
-1.319686742963439331e-02
1.764083032471891813e-02
-7.638721177270434669e-03
-6.493433610815450840e-02
6.380376730030938581e-02
6.625070264434076983e-02
1.026662818889798566e-02
2.256700771600513890e-03
1.169812403010029034e-01
-1.382164225079186154e-02
-1.297884909170197304e-02
1.822406246202527835e-02
7.356609780711691193e-02
7.963853772087418903e-02
-1.292863158383856376e-02
1.541656229796726368e-02
-6.890417335320385417e-02
-1.559880539581064846e-02
-4.201451977396532950e-02
-5.034158761494919587e-02
8.407883581336639267e-02
-3.961433309030724936e-02
-2.658029540057274542e-02
1.829243939584291115e-02
6.489126334867927060e-02
2.405575631944177270e-02
1.379677557010791089e-01
-3.733398912557478553e-03
1.293582201148730376e-02
1.378003369920281773e-02
7.175246933945772509e-02
2.536194755548076482e-02
-5.811485019357454790e-03
-4.737442974534397666e-02
1.222217279808163019e-02
7.006724156459798181e-02
-2.051908968289353069e-02
2.644718092082911157e-02
1.230738943424220834e-02
4.317598291906573488e-02
-4.023768703189346818e-02
1.173323515263280936e-01
-6.395805535141291243e-02
-1.827755449930186515e-02
4.690462704528228222e-02
1.483665862470566824e-02
4.149930795405516043e-02
-2.480511669912811856e-02
-3.740249134017053709e-03
6.115991819408693768e-04
7.846298072679522284e-02
3.452145121915244780e-02
3.983360541823357387e-02
-3.289630462683976186e-02
4.844413192815254232e-02
1.127908317844017634e-02
6.945726578389636863e-02
1.007030077459234035e-01
-1.533828880135022776e-02
-2.031515652225313051e-02
-4.320224955511847709e-02
-7.178975585816028265e-03
-1.910127244751918044e-02
1.797521997855050860e-02
-7.228340846686796828e-03
-1.807996403908098890e-02
5.322925680639259416e-02
-4.689401155757258466e-02
2.165539765756718457e-02
-2.029708635942417336e-02
3.621842524349822012e-02
6.926307733611151984e-02
-1.515491267120363562e-02
2.205164536365757100e-02
8.939643286658992272e-03
-3.997111997715482867e-02
1.203937548709692329e-02
1.445602526394060977e-02
2.064354102230873608e-02
-9.919944841002288627e-03
4.709615015507328389e-03
-5.738054724215677083e-02
-1.790570377399283708e-02
